mean.a	mean.b	logFC
CYP1A1	0.0084563825	0.001719515	-2.29803893322214
EGF	0.02881416	0.009975815	-1.53027134644662
CIRBP	2.116681705	3.90224847	0.882501301303719
DAPK3	0.187734565	0.2049913975	0.126869069702646
DHX15	0.1135921825	0.063130285	-0.847459381657178
DNMT1	0.7988989125	0.1945109625	-2.03816149863155
EIF4G2	7.18508446	4.3488988	-0.724354978222592
EREG	0.0349433025	0.0003868725	-6.49701397238132
FAT2	0.0044492875	0.92304058	7.69667594053818
CYR61	0.6672649175	0.089523055	-2.89792847923925
CXorf2	0.00042771	0.00032397	-0.40077271424056
COX7A1	0.00230189	0.4688236325	7.67008259154641
CPA1	0.00042771	0.00032397	-0.40077271424056
CPB1	0.00042771	0.000731105	0.773445680062537
CTPS	1.091057775	0.1432556175	-2.92906388122194
DCT	6.3451311775	0.0020104925	-11.6238853206414
ECGF1	0.02159305	0.020723635	-0.0592899580932222
EYA3	0.144713085	0.0677990325	-1.09385878548363
EXOSC10	0.36830781	0.2213328625	-0.734694318177467
CLCN5	0.06297142	0.0295628125	-1.09091367151717
COL1A1	0.557728325	0.01074655	-5.69761705593044
CYP1B1	0.1459375125	0.1109821275	-0.395023403918881
CYP2D6	0.00203214	0.0009520925	-1.09382614730329
ERCC3	0.47759193	0.3459509	-0.465211165133457
ERCC5	0.4599178625	0.4368857325	-0.0741202388003728
FAH	0.1718560075	0.0267175525	-2.68534052547691
F12	0.0050179525	0.00032397	-3.95316668507914
DAF	1.286384695	0.1125506	-3.51467649416076
CYP1A2	0.0005159125	0.00032397	-0.671266177798293
CYP2B6	0.0005072875	0.0005300075	0.0632091633659879
CYP2F1	0.00042771	0.00032397	-0.40077271424056
CYP4A11	0.00042771	0.0024572175	2.52232071974305
EIF2AK2	0.630968195	0.44018013	-0.519473263036796
ENTPD1	0.014524535	0.087912455	2.59757559693274
CTNNB1	3.960222355	2.1506930125	-0.880779824931327
DSG3	0.00042771	0.0011612625	1.44098928266852
FGB	0.4349232075	0.000331495	-10.35755786765
CX3CL1	0.2813690275	1.082938545	1.94441594102699
EPO	0.0041252825	0.00032397	-3.67056078956304
ELAVL1	1.1928147175	0.4367102475	-1.44962167370507
ERBB4	0.021455645	0.4487945525	4.38662598734254
POLR2A	1.0009528775	1.0009184925	-4.95606957861656e-05
EZH2	0.76981929	0.013932125	-5.78803259523828
F13A1	0.0019750625	0.1426658325	6.17459774279763
CRH	0.00042771	0.0122379825	4.8385889927532
CHGB	0.0235866575	2.33963045	6.63216587396357
EDN1	0.1275298575	0.25836201	1.01855889646945
DEFB4	0.0005663175	0.00032397	-0.80575088775073
DGKG	0.0105550625	0.82872443	6.29488542556999
DLG4	0.1526386875	2.3744343475	3.95939129033415
ERN1	0.41216345	0.06432526	-2.67975928624871
CSNK2A2	0.33146674	0.1607372625	-1.044159698019
CSK	0.2585841525	0.085324115	-1.5996084107698
EPHA7	0.004705415	0.0531530725	3.49775921480779
EIF2AK3	0.191783635	0.12058037	-0.669484558275268
EPHA3	0.095623645	0.0269260625	-1.82836412514435
FGR	0.00092251	0.0310405575	5.07244610881504
DCC	0.001627265	0.0977994725	5.90930556569976
CHRNA4	0.00435987	0.1474944425	5.08023166718593
FGF9	0.0183380875	0.3246017875	4.1457558528803
CHRNG	0.00042771	0.00032397	-0.40077271424056
FANCG	0.59081386	0.0744733475	-2.98790755914979
CHST1	0.02428154	0.8742575075	5.17012645063878
DUSP3	0.5553018975	0.70885229	0.352212705579176
FKBP5	0.4591519575	0.3765215175	-0.286239381658476
COX15	0.358890335	0.2118174375	-0.760721710000267
CSPG3	0.0017058675	0.241744565	7.1468340521565
DFFA	0.8359033075	0.2988346675	-1.48398854587815
CRLF1	0.3400157975	0.080194035	-2.08403494197492
EGFR	0.132342975	0.0688392175	-0.942979012679729
E2F2	0.019001535	0.00032397	-5.87411193414508
DAP	0.53721506	0.0658021	-3.02929421727713
CSF1R	0.0022363725	0.1806254275	6.33569668212678
CP	1.06534264	0.2718451825	-1.97046034397962
CYP3A5	0.0013687275	0.00032397	-2.07890311982036
DYSF	0.0370742175	0.041679515	0.168922246890846
CRYGB	0.00042771	0.00032397	-0.40077271424056
FER	0.3880135175	0.5303486275	0.450834121330636
FGF2	0.29062547	0.48346084	0.734237892876365
DNAJC7	0.199537235	0.1880118325	-0.0858345276558969
CYP2J2	0.02237552	0.2393518625	3.41913991667818
FADD	0.42460464	0.1419054025	-1.58119062134633
CRP	0.00042771	0.0004095025	-0.0627606787900987
DRD5	0.0510368725	0.03815894	-0.419518828652654
CYP3A7	0.002210935	0.00032397	-2.7707244823514
CYP2A13	0.00042771	0.00032397	-0.40077271424056
CYP2C9	0.00042771	0.00032397	-0.40077271424056
FBP2	0.0004908	0.0066484325	3.75980708258406
ELK1	0.58303026	0.7017600975	0.267407154520239
DPYD	0.190920155	0.06468587	-1.5614469037396
FABP4	0.00042771	0.0052088525	3.60626074121153
CUL4A	1.092820575	0.433982275	-1.33234852578139
UBC	8.58673235	9.0265692325	0.0720685370830725
CKS2	0.0888075575	0.00818008	-3.44049559707405
18S	48286.98405	50141.757125	0.0543781963968559
HPRT1	1.3764842025	1.0161399475	-0.437888942209341
ABCC8	0.0014632625	0.179814285	6.94117522429031
CNIH	1.617956175	1.127504015	-0.521039959659392
ABCB6	0.927713315	0.57031336	-0.701924218617516
ARMET	1.2658365925	0.3993841825	-1.66424207704931
CELSR1	0.0420894175	0.000426185	-6.62583391634956
ABCB1	0.03248952	0.1431143425	2.13912192741055
ABCC6	0.0329283975	0.0019363875	-4.08789271175863
ABCG2	0.125273735	0.4875061225	1.96033636784872
CENPF	0.6682343675	0.0062854275	-6.73219950049061
ABCC5	0.0369501475	0.136679495	1.88714479391652
ABCC4	0.1901859325	0.0329115025	-2.53074674214256
ALKBH	0.102319895	0.084307435	-0.279354916926636
CACNA2D2	0.0507848175	0.2931320225	2.52908141824839
CARD4	0.1105838775	0.037649685	-1.55443136457515
ARFGEF1	0.3273796	0.3705194975	0.178585036137764
CACNG3	0.00283479	0.63786857	7.81387351853768
AP4B1	0.1484799875	0.2090320525	0.493455684725464
CD86	0.0211204525	0.01500185	-0.493500322241796
ADAT1	0.203865055	0.127285475	-0.679546703165895
BRDG1	0.0021612925	0.00040228	-2.42562241458681
CLCA4	0.00038451	0.018133065	5.55945787264039
C11orf9	0.00038451	0.0053899925	3.80919024137647
APH1A	0.3608560475	0.170268335	-1.08361327245744
C14orf122	0.018468865	0.011806395	-0.645526693388724
CGI-119	0.5442496575	0.4138237825	-0.395252035086885
ASB4	0.00051197	0.000911215	0.831732221384108
ACTL6B	0.001105385	0.3397869925	8.26393787453745
CLST11240	0.00038451	0.0190182775	5.62822165686555
BET1L	0.069704375	0.048173475	-0.533010213114801
PHF21A	0.0126612525	0.189979325	3.90735038811026
BAIAP2	0.07577022	0.9368960625	3.62818616497021
C10orf92	0.00038451	0.019525385	5.66618606634271
BHMT2	0.0106417225	0.010727515	0.0115842298354618
C14orf103	0.0662037525	0.1871664075	1.49933662625519
C10orf3	0.2748983575	0.0004697525	-9.19278173190992
CKAP2	0.17986319	0.0531474	-1.75882894009015
AGPAT5	0.7075495675	0.4875035675	-0.537418443328592
ChGn	0.1763483575	0.2742710325	0.637174119440447
ABHD10	0.382125475	0.644111455	0.753263908856213
CACNA2D3	0.0127596025	0.2423482425	4.24742632954891
BTNL2	0.00038451	0.00040228	0.0651788948054879
ABCC1	0.56901027	0.04679139	-3.60413970019354
AGPAT4	0.1151462625	0.47499865	2.04445582928656
C21orf7	0.002267235	0.003191045	0.493095018728445
CA10	0.0069539975	1.90839827	8.10030401985763
CABC1	0.1531851725	0.25275404	0.722457493324764
ANKRD2	0.0005717825	0.00114168	0.997619965676465
C11orf15	0.0733427375	0.20035849	1.44985762347906
ANGPTL7	0.00038451	0.0013280325	1.78819742903283
BACH2	0.0388455225	0.0803867525	1.04920945204505
ABCG5	0.0444798125	0.004989125	-3.15629198563875
CENTD3	0.01261182	0.007537435	-0.74263092374717
APG3L	0.339605645	0.3286638625	-0.0472476030541922
CDCP1	0.1291866	0.00819001	-3.97944740928717
C20orf116	0.304148625	0.5075329475	0.738724998659648
ASPSCR1	0.073954055	0.0753584575	0.0271401805662363
APG9L1	0.56812158	0.781248065	0.459581006848444
CARD14	0.0049627575	0.00040228	-3.62487004161512
ADIPOR2	0.61751187	0.6523227925	0.0791191690377384
ALG9	0.2932633775	0.2060698075	-0.509063777099269
C14orf161	0.001367895	0.000820825	-0.736810915678619
CLUAP1	0.1066979275	0.2054667625	0.945372880496821
ACTR5	0.0309487575	0.0302445125	-0.033208084101358
C9orf76	0.024095175	0.011885575	-1.01953257958789
ASRGL1	0.1117168025	0.4296901675	1.94345057737794
C13orf23	0.1034033725	0.1026339025	-0.010775872610338
ATF6	0.8989075625	0.8162616	-0.139141177353541
CDH19	0.021834615	0.1644699775	2.91313525906381
C6orf47	0.3518603	0.29356504	-0.261322574514386
CAP1	0.4049301375	0.22686932	-0.835811498022184
ABCC11	0.0003861525	0.0008750475	1.1801906209519
CGI-115	0.7179228225	0.3236694275	-1.14930766019994
C2GNT3	0.0407882825	0.1236823825	1.60041335037169
BEX1	0.0019331275	0.19469307	6.65412092868826
CCNL2	1.07647764	0.7356739725	-0.54917989686261
ADAMTSL1	0.04805507	0.01688619	-1.50884479683648
C15orf16	0.0042865525	0.4069321225	6.56882654540319
ABC1	0.2687133975	0.14225374	-0.917601669970131
C16orf33	0.728366615	0.6964198225	-0.0647075296474343
BM88	0.051741025	3.4896816225	6.07564297503938
AD023	0.080320545	0.0233541175	-1.78209212851763
C10orf93	0.0048173025	0.0481217625	3.32039205823491
C6orf210	0.0232145775	0.0119862525	-0.953650353557248
SCCPDH	0.6210796325	0.65810184	0.0835325982823455
LMBRD1	0.2515674025	1.0756328725	2.09616885283168
C9orf121	0.0486725075	0.0086127525	-2.49856082196136
C6orf78	0.0056455575	0.0004499825	-3.64917525381733
C3orf18	0.0393069125	0.1942945225	2.30539027766046
C12orf8	1.543632145	0.79580335	-0.955845115062805
AICDA	0.00038451	0.00040228	0.0651788948054879
CHCHD2	9.395095375	5.1589264775	-0.86483692129209
DDX41	0.27962122	0.186039795	-0.587862593401052
GNA13	0.8462995125	0.642249505	-0.39803446239854
DELGEF	0.1858114325	0.512877335	1.46477454758588
CRISP3	0.02637152	0.0004626525	-5.83290793067315
C1orf61	0.0004039175	0.0640413575	7.30879942596797
GNAI3	0.3370814125	0.1357685225	-1.31194804165875
CYP46A1	0.0018586775	0.3754394675	7.65816003974383
GALNT6	0.024772985	0.0352999775	0.510899548547062
EML2	0.0513086225	0.1776980225	1.79215442788664
FBXO22	0.4574254175	0.187695745	-1.28514058827438
DNAJB9	0.44238984	0.72977883	0.722141047919157
GLS2	0.0097925175	0.1651454075	4.07591323891179
EPN1	0.6397498625	0.86587415	0.436649420285709
GGA1	0.134880825	0.2346467725	0.798805350961166
DKFZP586A0522	0.1108041775	0.2966071925	1.42054130808809
GABRP	0.0058501225	0.00040984	-3.83533413264276
GAPDHS	0.00038713	0.00040984	0.0822426856732523
DHDH	0.00288602	0.0043445225	0.590116323607621
DLG7	0.1731945	0.00040984	-8.72311660402996
DRD1IP	0.020686895	4.779583135	7.85202386459693
DCXR	0.347309565	0.50200387	0.531476342623471
GNG13	0.00143655	0.19153509	7.05885670605553
FKBP11	0.143435445	0.0042069475	-5.09148395464108
DKFZp434H2215	0.0006095325	0.0018635025	1.61224170266707
FLJ20130	0.0829617925	0.002918005	-4.82939280540763
FAM83E	0.002040795	0.001312585	-0.636720417985243
CASZ1	0.006808965	0.0020348225	-1.74253256538274
FLJ20449	0.005085335	0.0025807575	-0.978548230306078
EPN3	0.007419855	0.0127422525	0.780157432375472
IARS2	1.2241800375	0.4777494875	-1.35748951697866
FLJ10374	0.1349320525	0.1227681075	-0.136297266291419
FLJ10560	0.149735505	0.1405821275	-0.0910031578531494
DPPA4	0.00038713	0.00040984	0.0822426856732523
FLJ10922	0.059998425	0.04068147	-0.560552818440361
GIMAP5	0.0024993325	0.03608915	3.85195041515802
FOXJ2	0.32090207	0.53194692	0.729149198611467
FLJ11127	0.00710338	0.00781033	0.1368778407163
GK001	0.5051365725	0.4452674075	-0.182001484570745
FSCN3	0.00038713	0.00040984	0.0822426856732523
FGF22	0.00038713	0.00124807	1.68880883598127
DAB1	0.0032489425	0.050403175	3.95547249883185
FLJ13149	0.201741	0.2242205725	0.152414339250611
FLJ13220	0.247099545	0.21828937	-0.178850476777289
ELAVL4	0.0032529725	0.8465869125	8.02375574962247
GAN	0.1775277975	0.3423598575	0.947468611163316
EPB41L4A	0.020672505	0.08580829	2.05340381568307
ELSPBP1	0.01803526	0.00040984	-5.45961561433204
MOSC1	0.17170353	0.12609222	-0.445440436698734
FLJ13855	0.8408308075	0.7236401625	-0.216543048991934
GDAP1L1	0.0025086175	0.1005272	5.32454958567235
CUEDC2	0.5799395	1.03809397	0.839962735285326
DCC1	0.0735528125	0.0125930575	-2.5461519069321
GLB1L	0.08908051	0.0445969125	-0.998165983784774
FYCO1	0.245338465	0.124663435	-0.976735071567509
FLJ12650	0.0886322075	0.2322934925	1.39004578782863
EFTUD1	0.1722226125	0.07147372	-1.26878979483785
UGT2A3	0.029394455	0.00040984	-6.16433942213213
FLJ13848	0.2283414125	0.137739345	-0.729251812006762
CSPP	0.3355770275	0.3187907775	-0.074034063703897
FLJ12443	1.1967370525	0.42770733	-1.48441036033855
FLJ13236	0.0728194425	0.0106426575	-2.77446525503524
FLJ21019	0.025636975	0.01395462	-0.877483204429436
CCDC15	0.0439356175	0.0067048	-2.71212476747233
WDR71	0.0580386925	0.077385045	0.415039767521172
ELL3	0.0199323225	0.024283775	0.284882889382213
FOXB1	0.0011185025	0.00040984	-1.44843577899579
DKFZp762E1312	0.3255664175	0.0005124	-9.31146570083201
DUSP21	0.0040064325	0.00040984	-3.28918546849008
FLJ21901	0.1872155975	0.2471372225	0.400611682886932
FLJ14627	0.0007704175	0.0015911875	1.04639146842983
FLJ14816	0.0193451125	0.0004395725	-5.45972417548308
DNAJC4	0.4147858175	0.282036625	-0.556484044112066
DCD	0.00038713	0.00040984	0.0822426856732523
CRLF3	0.1403863525	0.062471805	-1.16812557304193
DIRAS2	0.01193579	2.372923845	7.63522793223279
C1orf113	0.344810605	0.20163001	-0.774093765479767
CHMP2B	0.2678089625	0.3702138025	0.467154440773555
DNAJB1	1.002376415	1.1256039775	0.167274956810281
CYP3A4	0.00157804	0.00040984	-1.94500107308663
FLJ20014	0.0400454675	0.057163635	0.513458697329356
RNF186	0.01705529	0.000550095	-4.9543946859332
FLJ23584	0.0303433325	0.02909597	-0.0605601969514034
FBXO39	0.0008338775	0.001378395	0.725082006869886
DEFB125	0.00038713	0.00040984	0.0822426856732523
ESX1L	0.0333907275	0.00040984	-6.34824291931073
FLJ37549	0.02176972	0.0947798025	2.12225680287492
FLJ35894	0.00038713	0.00040984	0.0822426856732523
FBXL12	0.21024058	0.10361802	-1.020766239789
DLEU1	0.319092645	0.1410334675	-1.177937797841
FLJ25168	0.0852681625	0.24374649	1.5153023714252
FXYD7	0.0074192575	1.516349665	7.67511194413067
FLJ20244	0.5380688575	0.218585955	-1.29959010329593
TP53	2.538423965	0.2310478425	-3.45766952381997
SLC25A4	0.6302608175	3.252885055	2.3676989635929
TNFRSF9	0.028701395	0.00053236	-5.75257487363472
S100A5	0.0028149425	0.00110908	-1.34374201957509
SCN9A	0.0155039875	0.0063674675	-1.2838477166872
SCP2	0.29294623	0.3841182175	0.390914504255039
SLC5A2	0.00037878	0.00040849	0.108940604111915
SPIB	0.0075214075	0.0005344575	-3.81485552766392
CLEC3B	0.00256831	0.0129905725	2.33857375819125
UBE2B	0.39444591	0.6195376375	0.651364451746773
RHAG	0.4480084575	0.00040849	-10.0990094913406
SLC12A3	0.1622268375	0.00040849	-8.63349603074994
TGFBI	0.1497676225	0.004976045	-4.91158242609179
TGM1	0.00785923	0.012172185	0.631128288103374
TYR	2.66105607	0.0004659775	-12.4794509934784
SLC10A2	0.00037878	0.00040849	0.108940604111915
SOD1	2.2417120425	3.2042738975	0.515396503167681
SLC2A4	0.039604235	0.0247837225	-0.676261814606335
SLC12A2	0.193801305	0.551036485	1.50756955962429
TFF1	0.8519055125	0.00040849	-11.0261769491287
THBS1	0.6015437975	0.0834106	-2.85036714043472
RECQL4	0.00037878	0.00040849	0.108940604111915
RAD52	0.07170883	0.07176568	0.00114330019132858
TRIM21	0.08263387	0.033158605	-1.31734992205251
RORC	0.0204819175	0.02616567	0.353324415612354
TNFRSF8	0.0224731075	0.0009067525	-4.6313470008931
TNFSF8	0.00037878	0.003115695	3.04012195070913
TFRC	1.0153037725	0.2063372125	-2.29883550033225
SCAP1	0.0190982525	0.00139276	-3.77742205727891
SRPK1	0.6226880725	0.2103216425	-1.56591233107252
TK1	1.184297515	0.01538968	-6.26592451118202
TJP2	0.191321225	0.40884182	1.09554584176469
TIE1	0.0217484975	0.06396204	1.55630021726591
SHH	0.0150462125	0.0184986925	0.298022932663079
TIAM1	0.17417474	3.07469548	4.1418362171793
TPD52	0.2787166475	0.50445666	0.855931150717914
SRF	0.61217919	0.501652165	-0.287266627115152
TCOF1	0.760474235	0.2733534075	-1.47613201038387
TAP1	0.4445671225	0.32586839	-0.448111845243387
SERPINB5	0.0410887075	0.00040849	-6.65229737805412
USP5	0.506292995	0.59009183	0.220966960470001
SERPINB7	0.00288241	0.00040849	-2.8189028958962
SNX4	0.7457038775	0.749717755	0.00774472556061673
TNFSF14	0.0048550475	0.00066856	-2.86035646442485
SNAP23	0.5028413425	0.1622973125	-1.63146415949218
SGCE	0.1732899225	0.19272481	0.15335454725997
SDHA	0.72595233	0.66498376	-0.12655570803317
SNRPD3	1.22337946	0.75117448	-0.703652003592824
TRIP13	1.201700545	0.010508565	-6.83736794641171
TRFP	0.1805196375	0.06395793	-1.49696063477641
TRAF4	0.5107207775	0.111458825	-2.1960239032694
2-Sep	2.8663252825	2.278676545	-0.331006191356333
SFRS10	0.4420933975	0.20477135	-1.11033730944937
SPARCL1	0.10224314	26.640486595	8.02547257476265
SYNGR1	0.53108707	4.3550374075	3.03566480017673
SFRS11	2.2562312025	1.7758376875	-0.345415187794546
STOML1	0.0950286575	0.44143834	2.21577738337631
SERPINI1	0.10770226	4.43251905	5.36300640302523
RPL3L	0.00290169	0.0004789925	-2.59881842660588
SFPQ	3.800969895	1.9268523075	-0.980121604757312
SLC1A6	0.0171305125	0.9023702125	5.7190792259133
SLC17A1	0.0031671725	0.00040849	-2.95482277970929
SCO2	0.02377192	0.0170857075	-0.476468441557085
THRB	0.07171163	0.591911855	3.04510333639946
STAT4	0.004678395	0.15426333	5.0432376742683
TFAP2C	0.238181425	0.00455133	-5.70962890169065
RUNX1T1	0.0006041625	0.10756964	7.47611860022431
TP73	0.0333203925	0.0282432925	-0.238497112597783
SERPINB2	0.140321365	0.00040849	-8.42421821064098
STAT5A	0.49484996	0.087521845	-2.49927610578088
UGCG	0.29273425	0.25183081	-0.21713675239663
TPST2	0.02370543	0.02062972	-0.200493322625234
SLC9A5	0.0406115475	0.085866105	1.08019874860756
SCGB2A2	0.00037878	0.00040849	0.108940604111915
SLC22A4	0.00711851	0.00359517	-0.985515306221608
THRSP	0.008280945	0.017033675	1.04052240989653
TJP1	0.1820200675	0.1762182675	-0.0467340270096193
TNNC2	0.0025529975	0.00040849	-2.64381945884024
TNNI2	0.066144505	0.0005192725	-6.99298567419413
ROM1	0.0052339775	0.0680922125	3.70151018340622
TNP1	0.00037878	0.00040849	0.108940604111915
SLC16A3	2.4121336025	0.078602795	-4.93958539325279
S100A8	0.002604865	0.108024245	5.37400273231378
SUCLG1	0.57348542	0.60643756	0.0806023019162981
TRA1	2.3302326025	0.7049142125	-1.72495437260442
TGFBR2	0.7944252075	0.327415225	-1.27878999147367
STAT6	0.3738437375	0.1404425575	-1.41245519225178
SRD5A1	0.3094120775	0.3138489975	0.0205410890358071
TRPC1	0.12430812	0.63553142	2.35404291375214
TDG	0.6396401925	0.1915849825	-1.73927611598914
SFRS3	0.5213873425	0.44748601	-0.220512980283842
TMSB4Y	0.00358625	0.0165998925	2.21062593068134
MYC	3.6822583475	0.0905854675	-5.34516742031204
RAD51	0.54860707	0.0070187225	-6.28842093944398
MDM4	0.3925085425	0.25159928	-0.641596259283056
MMP7	0.000745075	0.00047983	-0.634862295183206
NEUROD1	0.0039728475	1.2849699575	8.33734549855195
NVL	0.2148910175	0.0976300875	-1.13820744989329
PEX13	0.25097653	0.1924795675	-0.382847151354225
PGM1	0.38462021	0.28647608	-0.42501988880649
PLS1	0.07881378	0.026020745	-1.5987856277225
PMP2	0.0110571875	3.379054735	8.25549144056247
POLB	0.1758213075	0.311664235	0.825882689172022
POLE2	0.1499375725	0.00767241	-4.28853832240301
PPP1CC	3.320791035	1.69495257	-0.970282039406176
PRPSAP1	0.385525565	0.2247827675	-0.778295092808557
PSD	0.0398714125	2.352183055	5.88250181411303
PSMA5	0.73800183	0.228680225	-1.69029277883348
PSMB10	0.217899245	0.1440081	-0.5975112366811
PTPRB	0.0206626175	0.06645517	1.68535841736673
PZP	0.00050608	0.00047983	-0.0768421001306923
MYO5A	0.2316909875	2.1144088	3.18998050317618
PEX1	0.13293365	0.1153650925	-0.204499590503836
NQO2	0.545935465	0.42742532	-0.353058046824301
P4HB	8.1959541475	1.098607155	-2.89923632020054
PNLIP	0.00050608	0.0007179075	0.504432508584335
PRLR	0.0070498225	0.0041448525	-0.766266171437524
HTRA1	0.08002996	0.277512905	1.79394276845925
PPFIA2	0.0085766975	1.2327033825	7.16718774196379
MCM3	2.688826435	0.23161558	-3.53717242463844
MGMT	0.226674395	0.27963718	0.302934756973334
MCM3AP	0.303654425	0.1742061375	-0.801634940213161
MLNR	0.00050608	0.00047983	-0.0768421001306923
PPP3CA	0.2966091575	3.2421414425	3.45031198630955
NFKB2	0.483682945	0.10818062	-2.1606195973033
POMC	0.00222795	0.000851695	-1.3873080704862
PGLYRP1	0.00050608	0.0008048225	0.669305177406949
MVK	0.23483671	0.164744245	-0.511429881623839
NTRK3	0.00192872	0.43079261	7.80320597448723
PCTK2	0.0821708375	0.306095915	1.89728541536086
PIK3C3	0.182749765	0.3136711075	0.779383096490601
PRKCG	0.0147404425	1.6052883	6.76690877563553
MAPKAPK3	0.5625061275	0.1426213775	-1.97967856863731
MPP2	0.00146213	0.1790415775	6.93607925355489
PLA2G2A	0.08870603	0.002849905	-4.96004644467791
PTCH	0.0609924825	0.1549427975	1.34503235054622
PPIC	0.461686355	0.0740308075	-2.64071542444869
MX1	0.102100505	0.3335089675	1.70773555163822
NGFR	0.06814729	0.2131536325	1.64516544957436
MTRF1	0.0489573575	0.0423995675	-0.207476141339005
PEX14	0.2625783175	0.323297305	0.300113691154695
MGAM	0.0032736525	0.0037363	0.190709111425974
PIGB	0.08546313	0.0241009225	-1.82621378633045
MRPL33	0.4783216675	0.436809855	-0.13097573976101
NDUFAB1	1.75720954	1.10140559	-0.673940401268196
NDUFS1	1.27723136	1.80389299	0.498093876905075
PDE1C	0.25792971	1.09849965	2.09048454340626
MYB	1.21057278	0.0029685075	-8.67173634375434
NEF3	0.0288456725	5.4442679625	7.56023936827362
POU1F1	0.00050608	0.00047983	-0.0768421001306923
NR2C2	0.598984915	0.87682888	0.549775646697043
MDS1	0.000641905	0.00047983	-0.419836437802658
PPARA	0.139078185	0.111410375	-0.320012556093803
NR1I3	0.00050608	0.00047983	-0.0768421001306923
MMP1	0.1463198825	0.00047983	-8.25238674548983
MMP13	0.002774205	0.00047983	-2.53147913366397
MMP2	1.5891864175	0.0280911725	-5.82202771540202
MMP9	0.011334175	0.0049227125	-1.20315399321394
MIF	29.3429171425	10.44381428	-1.4903635966045
PAX3	0.029459025	0.009994775	-1.55946368770804
MDM2	0.6656612525	0.32362311	-1.04047355818413
PER1	0.1707880075	0.396948715	1.21674595157685
PPP6C	0.3904522075	0.35710608	-0.128793271949646
NME1	3.35549751	1.35313196	-1.31022414600679
MAGEB3	0.0029142925	0.00047983	-2.60255041828912
MYH8	0.00050608	0.00047983	-0.0768421001306923
OMG	0.006419165	1.5576225325	7.92274429904657
P2RY11	0.13201227	0.072401735	-0.866575853534671
PITX1	0.3332225575	0.000579285	-9.16799704354528
PKP4	0.039293415	0.1063720475	1.43675962518977
NUMB	0.5548506625	0.57354242	0.0478006701478332
NOL4	0.0025327825	0.311640255	6.94301459764294
PABPC4	2.755267455	0.532485925	-2.37137707188345
NAP1L3	0.0414987075	1.5954846775	5.26478453966776
POLR2G	0.215784435	0.0990343575	-1.12358977965027
PSAP	4.1640389075	0.5963146125	-2.80383795370825
RAB11A	1.0730322175	0.895727845	-0.260561033008181
OASL	0.0149786275	0.0063344925	-1.24160449006883
PCNA	3.9167605025	0.38433044	-3.34924176340391
PSMD7	1.67490046	0.909842505	-0.880386618655715
RAC2	0.153482945	0.0107256375	-3.8389430475731
PFDN1	0.4981908725	0.6707334975	0.4290410645568
NAT2	0.00050608	0.0004841	-0.0640603667691764
P2RY1	0.0576335125	0.0683846625	0.246764841690128
CCNA2	0.2273860975	0.0006524525	-8.44505546040785
CFLAR	0.258625845	0.447419305	0.790761052580783
ACTN2	0.0067631175	0.166549265	4.62211675818158
ADPRH	0.0212191225	0.026318775	0.310727344823998
ALOX12B	0.00714212	0.000687465	-3.37699420343115
ANXA5	6.9820613375	1.1772603075	-2.56821967683515
AOX1	0.10024619	0.01768999	-2.50254226843315
CD68	0.7604925725	0.21101012	-1.84962196571847
AHSG	25.9614788225	0.00048939	-15.6950284169094
AMBP	3.3525854775	0.00086663	-11.9175703160617
APOF	0.00801106	0.00048939	-4.03293662107113
ARF5	0.8420670825	0.913391085	0.117297539758796
ATP1B2	0.134933075	13.5211190375	6.64682671971365
BTN1A1	0.0012986075	0.0017466525	0.42762716307873
CD58	0.20606707	0.02509601	-3.03758406297536
CDA	0.0987876025	0.0201743975	-2.29180441130921
CENPA	0.163797745	0.00048939	-8.38671515796278
ACO1	0.7620233625	0.353970895	-1.10620448864331
ABCD3	0.3538706275	0.3240663575	-0.126932760955238
ACADM	0.0986047075	0.108267415	0.134870674348269
ACADS	0.4134318825	0.2300712375	-0.845569013515626
ADA	2.2550833725	0.09767223	-4.5290885260719
APOH	2.323011795	0.000599835	-11.9191431539185
ASPA	0.006506285	0.3392433875	5.70434286553104
BTD	0.1051459075	0.248297495	1.23967700822924
ABCC2	0.423268935	0.00265259	-7.31802909720125
AMT	0.02576743	0.042435725	0.719730673219201
ANXA1	0.507447945	0.0544302325	-3.22077973172261
CACNG1	0.0005208275	0.0013580825	1.38269359145914
ANGPT2	0.000714525	0.0411218	5.84677511629668
CDH1	0.68969901	0.0293246875	-4.55577925662521
CCR7	0.001762995	0.000717345	-1.29728934217223
CCL20	0.49042911	0.000747815	-9.35714748940938
ARHGDIB	1.3622792675	0.21020621	-2.69614529067297
BLM	0.2221688475	0.0460342275	-2.270877694325
CD3D	0.7739808225	0.0012759825	-9.24454546706738
CD81	4.408100965	7.5566318825	0.777586075963893
ADCYAP1	0.001401305	0.09401875	6.06810559593303
CD80	0.00196632	0.000690785	-1.50918946474639
ATM	0.09743626	0.0641358875	-0.603326909068095
CDK4	3.919030685	0.4458221425	-3.13595669157032
CDK8	0.17782123	0.1748609825	-0.0242191669091074
CDK9	0.5361535975	0.643971075	0.264349525062999
BRS3	0.0006873275	0.00140851	1.03510021853695
APC	0.3414312675	2.063446415	2.59538888566797
APOB	9.5258995725	0.00348281	-11.417387852935
ADCY8	0.0476542925	0.19134536	2.00550083996242
ADM	0.5997178575	0.0914372725	-2.71342965697628
BARD1	0.17153784	0.0246530425	-2.79868924985973
ATP6AP1	0.242364765	0.4519562375	0.899003109603081
ABCB11	0.0009056675	0.00049202	-0.88026452668365
BAG1	0.4890979075	0.4613595	-0.0842319284464312
CDC45L	0.54150169	0.0009699425	-9.12485090090002
ALDH4A1	0.2573256	0.3072716275	0.255919568619389
BECN1	0.2217507825	0.4109484975	0.890018402722002
B2M	21.334930555	8.6244566425	-1.30671194242029
BCL2A1	0.2090606675	0.0246371425	-3.08501481786677
ANXA13	0.00073645	0.00122662	0.736028894967511
BPHL	0.3243862525	0.1929255575	-0.749668404657261
CAD	1.156780835	0.18411646	-2.65142504129536
CALR	19.72081501	7.4658648375	-1.40133788043648
BRPF1	0.32657271	0.3031138175	-0.107544618195548
CALB1	0.01716748	1.5543206325	6.50046204718774
CCS	0.47635521	0.444846875	-0.0987289503903306
CDX4	0.00051	0.00048939	-0.0595126248204991
CASP5	0.00051	0.001255825	1.30006628558183
CEACAM5	0.06703175	0.00048939	-7.09771616633211
CDK5R1	0.0942043025	2.724643875	4.85413091218018
ATOH1	0.0066142425	0.00048939	-3.75651941309287
ADRB1	0.045861545	0.3580267125	2.9647103686215
ATP1A2	0.087297315	6.1089558275	6.12884471679999
ATP6V1B1	0.0309981375	0.00363659	-3.0915233485129
CCR3	0.033006	0.0008803325	-5.22853596859238
CCNB2	2.7391229775	0.016068375	-7.41334619330468
CDKN1A	0.404017875	0.4071068275	0.0109882931268603
BIRC2	0.445887385	0.2487805725	-0.841805555143474
C16orf3	0.0997485575	0.05838085	-0.772800762139836
ALPI	0.02549362	0.00048939	-5.70300781279112
C11orf13	0.13592391	0.0743893575	-0.869631116629951
CDK5	0.5848102875	0.960116615	0.715240954853552
C4BPB	0.1273880625	0.00048939	-8.02402975177471
BAG4	0.2439787375	0.2453789525	0.00825608257903454
BAT1	2.3523805675	1.76235683	-0.416615416980588
ADORA2B	0.114319455	0.05675803	-1.01017452249579
ACAT1	0.572599795	0.42917195	-0.415971366920002
BYSL	0.4575931775	0.098969375	-2.20901146934534
BRCA2	0.2135110475	0.0032348275	-6.04447812825884
ALOX15	0.00465183	0.00048939	-3.24874184745757
BMP3	0.00051	0.007064645	3.7920479144336
AP1S1	0.82252217	0.7659562225	-0.102792626671101
AMD1	1.3089676475	1.4655092025	0.162972587285072
ACADVL	1.1810595175	0.5462444025	-1.11246317259471
PLAU	0.5263297125	0.0120303025	-5.45122201610538
PAX5	0.00321659	0.00049016	-2.7142073942316
RBM5	0.211985085	0.2223254575	0.0687103922429517
NRL	0.0042966425	0.00469993	0.129429526299979
RRH	0.00049585	0.00050505	0.0265224661639802
NTSR2	0.0008102075	0.125230425	7.27207795541563
NTS	2.3698959325	0.0236878775	-6.64453096341796
PTK2	0.6663682475	1.0402735925	0.642571444901596
PKIA	0.0615555975	0.5516508275	3.16379343079804
NRGN	0.276018555	16.401005585	5.89287520880209
PDGFRA	0.4056026325	0.225222175	-0.848718136195828
OPTN	0.532378955	1.9584843275	1.87921213577499
S100A12	0.00069251	0.0400877125	5.85518138185689
PPIF	0.361561535	0.1495645575	-1.27347286522218
PLXNC1	0.17801671	0.2129531225	0.258523214208192
S100P	0.4358904225	0.002642005	-7.366188497646
NELL1	0.0011638225	0.2099885025	7.49529548507918
ORC2L	0.1048801025	0.064334435	-0.705077948849296
PPP2R5B	0.1471412875	0.80504759	2.4518719497278
RPP30	0.4595374425	0.3721455475	-0.304315440110553
NPC2	2.4625989425	0.8630467525	-1.51267107092577
PSMC4	0.9045530125	0.646758975	-0.483976887171999
RPIP8	0.01909839	3.182787035	7.3806957933508
PDIA5	0.1014646775	0.0078991625	-3.68313406357738
RAB32	0.4770743525	0.0433746625	-3.45928969199467
NPM3	0.6225155375	0.0910801525	-2.772901234003
PWP1	0.4495457975	0.2567766975	-0.807953814111259
PICALM	0.714445255	0.9788710875	0.45429540873702
POLI	0.03533275	0.0474464675	0.425294638559579
MMD	0.672498055	0.477872915	-0.492903094637276
PADI4	0.0006835975	0.000693535	0.0208215706536503
PSD4	0.0608581725	0.008854315	-2.78099840745285
MRPL13	0.4798883975	0.1382561625	-1.79535514549819
ORC6L	0.2403555675	0.02347739	-3.35582628494516
RAB30	0.2294034375	0.4747693775	1.04933987492399
RB1CC1	0.205456795	0.3817070675	0.893630853993323
RNF10	0.9143644275	0.97688315	0.095416726434567
POLR1D	0.122265445	0.04114946	-1.57107131943924
PADI3	0.0034116925	0.00049016	-2.79916295911426
PRRX2	0.23680198	0.0049783675	-5.57186460066347
DTL	0.63022962	0.00121675	-9.01670097596077
MASK	0.3676998225	0.032440885	-3.50264339761989
NUDT11	0.0476861775	0.1300744425	1.44769447715551
NEIL3	0.3986593425	0.00055743	-9.48215011533058
RSAD1	0.1214864475	0.1164311125	-0.0613187580366792
C1orf103	0.0941638525	0.0219768075	-2.09919152032361
PBK	0.4726817975	0.000543075	-9.76550214215501
POLR1B	0.1454658375	0.0425688175	-1.77281145767567
NS3TP1	0.247135665	0.31427703	0.346733605754552
PELI1	0.16470394	0.3205386775	0.960623381586135
NDUFV3	0.348313225	0.3220332175	-0.113175742223669
NGB	0.00083679	0.0854169225	6.67351249873781
MRPL46	0.35379353	0.302635625	-0.225325839403415
RAB38	0.3319149	0.00206819	-7.32630085578836
OSBPL11	0.115352755	0.1234399	0.0977563375837427
MOSPD3	0.2117730075	0.1148246425	-0.883086423917836
MLPH	1.24424649	0.011422565	-6.76724185476268
PSTPIP2	0.0357483325	0.004868045	-2.87646153874505
PRKRIP1	0.48761159	0.502550995	0.0435375796221197
NIP30	0.1629251425	0.20852403	0.356004390501114
RUFY1	0.16097485	0.1163388125	-0.468502822244326
PUS3	0.0536033625	0.0260728525	-1.03977507319828
POU6F2	0.0189393175	0.04077916	1.10644771536157
PPARG	0.1365405575	0.040751455	-1.74440607186297
RRAGB	0.123589985	0.283017325	1.19532853029682
NCK1	0.22468523	0.1291135825	-0.799264512678763
REV1L	0.1002693675	0.192105355	0.938016808233257
MS4A4A	0.0068684525	0.00502117	-0.45196151789892
OR5V1	0.0063802475	0.00049016	-3.70228772798206
RNASE6	0.4399032425	0.0746702925	-2.55857994778609
P2RY5	0.11248941	0.0507659025	-1.14785746462356
PAICS	1.8210744525	0.2618537425	-2.7979567769003
OR1F1	0.003821465	0.01193009	1.64240720450867
PURG	0.025487015	0.21624915	3.08486013988732
PNMA3	0.01347004	0.3303996825	4.61638626031079
RAPGEFL1	0.1087222575	0.6810043525	2.64701670142707
RLN3R1	0.003371495	0.003043065	-0.147863307909539
SALL4	0.14136302	0.00177872	-6.31242153165661
NEDD8	2.60501648	2.4057757575	-0.114790324299134
PES1	1.6187338125	0.792247405	-1.03084283158476
MTCBP-1	0.5024040525	0.2993161325	-0.747178062255705
NKG7	0.0016567325	0.0063406925	1.93629973283299
RAD21	2.909201845	1.76116454	-0.724093694488288
RNUT1	0.2100914125	0.19665314	-0.0953639706986689
PDIA2	0.079430575	0.5049496525	2.6683731947001
NURIT	0.00049585	0.00049016	-0.0166509992948551
PPARD	0.64736607	0.746623955	0.205800044983839
MPP4	0.018438265	0.01594299	-0.209780685332571
RPP38	0.34270124	0.253190375	-0.436728850047643
NONO	2.2060535525	0.601854175	-1.8739819334791
PREI3	0.3599409275	0.6067680175	0.753384888809181
HIF1A	3.070171215	1.4518149975	-1.08046148828364
GBAS	0.905638305	0.7813652725	-0.212937843003016
INPPL1	0.711529095	0.14746427	-2.27055731331919
GFAP	0.212033255	45.021904875	7.73019273541536
GFPT1	1.1607051825	0.5629904925	-1.04381911208587
GLP1R	0.0021369	0.00195009	-0.1319786877581
GYS1	0.684599995	0.2506443775	-1.44961941012378
HSD17B2	0.1746231325	0.0008792375	-7.63377605213867
ITIH2	1.58656163	0.02280417	-6.12046209202651
ITIH3	0.22978253	0.0022693425	-6.66185094225715
KCNJ3	0.014388875	0.8076093575	5.81063192288595
KCNS3	0.018090025	0.017996115	-0.00750891046483382
KIF3C	0.184671745	2.6478087575	3.84176387056592
LIFR	0.0074861	0.0011416525	-2.71309073483158
LOXL2	1.7945070525	0.043453295	-5.36797820415259
LUM	0.8711633	0.011727515	-6.2149739268697
FURIN	0.020854055	0.00047418	-5.45874931385891
HGD	0.2424958975	0.0037242925	-6.02485014572084
ICAM1	0.3962022875	0.044181335	-3.16472829226048
G6PD	1.7856379075	0.4785953475	-1.89956128233991
IL4R	0.1999929775	0.0948058775	-1.07690093544679
IGFBP2	1.0332903	0.0491659175	-4.39344325632115
GABRA1	0.00382005	1.1599150925	8.24621196488929
GRM1	0.00350744	0.4950534775	7.14102214401431
GRM3	0.001621025	0.41513949	8.00054602334768
GSTP1	11.7121423625	3.54545771	-1.72396120193821
IL1R1	0.07179186	0.0362979775	-0.983931111337165
ITGB7	7.5458383725	0.0080026275	-9.88099172608957
JAK3	0.1316823375	0.1532473725	0.218800487972938
HOXD13	0.0322657775	0.00047418	-6.08842616591841
IGF2	10.373971295	0.08386111	-6.95075064144455
INSL4	0.0105881	0.00047418	-4.48086510140998
GRLF1	0.5972821	0.9143247775	0.614294230162466
LPL	0.045581605	0.3564718875	2.9672646754918
GP1BA	0.00049723	0.00047418	-0.0684785289398597
KIT	0.0629304475	0.5934094225	3.23719772785122
IL6	0.00787771	0.0031561225	-1.3196231059799
IL13	0.0005259025	0.0008469775	0.687528289778264
IL18R1	0.00256649	0.0050689625	0.981893851678743
KDR	0.0166189225	0.09547098	2.52223542156269
IGFBP5	0.7506396725	0.2794685675	-1.42543451214451
GABRA6	0.0033949625	0.87079201	8.00278872096408
GABRD	0.007891125	1.24548358	7.30225929335996
GRIA2	0.00639995	1.6338951625	7.99603906779572
IGF2R	0.3273375425	0.0865452875	-1.9192519049796
HBEGF	0.07453202	0.20014728	1.42512974377874
GSTT1	0.05804415	0.054996475	-0.0778115198548459
LGI1	0.01165752	0.6532341075	5.80826731079203
KCNK5	0.1207435	0.0009716225	-6.95733391197597
KYNU	0.716002505	0.0079730125	-6.48869589372655
HABP2	0.0008376875	0.0157548075	4.23323617094461
HADH2	1.2321786225	0.28248051	-2.12498817514278
KCNC3	0.0076141525	0.0024428325	-1.64012852083214
GOLGA5	0.6311485925	0.5218354875	-0.274384643420996
GIF	0.00049723	0.00047418	-0.0684785289398597
GRPR	0.02744301	0.0108124225	-1.34374893563676
GZMM	0.01606366	0.0005472025	-4.8755820072548
HIP2	0.3655321475	0.46674419	0.352633771360545
FLI1	0.1170622775	0.05848696	-1.00108934373822
HCFC1	0.4579933075	0.21541704	-1.08819414186207
ICAM3	0.2877764825	0.003546725	-6.34231741424971
JAK1	0.942138015	1.3682957425	0.538369764370883
LRP1	0.27412668	0.580099095	1.08145662004879
JAK2	0.2633557675	0.3444756925	0.387389129628076
LTA	0.0018213625	0.00431948	1.24583955829059
HS3ST1	0.0135258675	0.21821191	4.01193681471532
GAS1	0.4546918375	0.1934078825	-1.23324251120335
KCNA6	0.025836395	0.16362492	2.66291579952511
GPR65	0.004740215	0.0210173225	2.14855448754377
HOXB7	0.143067045	0.0011689175	-6.93537446952639
KCNQ2	0.00049723	0.00047418	-0.0684785289398597
GPR8	0.0324812975	0.043528455	0.422349550319934
GPR22	0.05181483	0.283608905	2.45246585425498
HIST1H1D	4.7123740125	0.7136776875	-2.72310947405648
HSPA6	0.05440373	0.0920152625	0.758167611554708
JUN	0.80967996	0.64395878	-0.330383426574319
KNG1	0.03320929	0.005877685	-2.49826693048674
JUNB	1.3811647275	0.676278915	-1.03019511661932
ITIH4	0.03897492	0.0694362475	0.833142921569638
HRG	0.0012148575	0.0007061625	-0.782714983457891
IGFBP1	1.86235758	0.0018460925	-9.97843954506291
KCNC1	0.0044090775	0.852084115	7.59437520949913
HIST1H3A	0.068194845	0.017863145	-1.93267658194734
FSCN1	2.278531065	1.13764974	-1.00204759153431
HIST3H3	0.015750895	0.00976983	-0.689028444102664
HDAC1	0.95624081	0.09625875	-3.31238438372565
GABRA4	0.0015405425	0.2998111825	7.60447190084799
GGH	0.476056215	0.1227496775	-1.95541270978401
G6PC	0.1051625925	0.00047418	-7.79297108392076
GLI3	0.45589933	0.2306218975	-0.983185785906934
KALRN	0.005382595	0.3321245525	5.94727869119086
HBZ	3.056264645	0.00158253	-10.915320908782
LMNA	5.8314699575	0.9013738675	-2.69366206470785
GULP1	0.01351285	0.00048363	-4.80428443683275
HUNK	0.0722661975	0.184182935	1.34974650865739
LOXL1	0.43351684	0.0057704425	-6.23126227134068
GPR64	0.00592364	0.0009661825	-2.61611633846926
IRS1	0.2419489575	0.164210545	-0.559155948317268
MAP3K5	0.08840676	0.456817625	2.36938971978196
LRRC17	0.0591980825	0.006901845	-3.1004964663662
MLLT4	0.360576165	0.3881642525	0.106363226861858
IQGAP2	0.153814135	0.005291555	-4.86135253651638
ITGB1BP2	0.0307761725	0.0066289525	-2.21496100072474
INPP5A	0.0881736325	0.5271424325	2.57977362601129
CD180	0.0141619175	0.011369665	-0.316826870389746
KLF10	0.825460755	0.164678225	-2.32554982288097
KIF20A	1.4134746225	0.00065812	-11.0686076953775
INADL	0.0633083425	0.08974414	0.50342211442104
KNTC2	0.3227142175	0.00050118	-9.33071257939408
GZMA	0.000655255	0.000842135	0.361995068463802
IRF6	0.0147789675	0.1927918925	3.70542699561312
MASP2	0.001763685	0.00048363	-1.8666172696413
HEAB	0.116172795	0.0541918125	-1.10012545681665
KIF3A	0.11536764	0.885677685	2.94054315749339
GUCA2B	0.00044329	0.00048363	0.125652921326409
MYLPF	0.0016595	0.0010714325	-0.63120766599318
HSU79274	0.2346703275	0.241813725	0.0432606979976207
LR8	0.00320149	0.094809905	4.88822237977254
IL1F6	0.00044329	0.00048363	0.125652921326409
JMJD2A	0.0408394	0.0344162175	-0.246873123441048
KIAA0773	0.0098688475	0.4925636775	5.64128482044475
KIAA0152	0.86944935	0.337347965	-1.3658645263757
KIAA0101	1.39842463	0.005860745	-7.89850271726664
KIAA0652	0.53769956	0.941704085	0.808473496838465
MELK	0.5086182825	0.000640255	-9.6337209914749
KIAA0196	0.10824966	0.0895373625	-0.273800767070533
VASH1	0.0373695775	0.1714133875	2.19754363146602
CLCC1	0.1545919825	0.1111012675	-0.47659022385773
LEPROTL1	0.5247569725	0.509608505	-0.0422600755431723
HS747E2A	0.00044329	0.00048363	0.125652921326409
LOC51066	0.01694768	0.00048363	-5.13104024437516
LOC51337	0.1545430075	0.0750433525	-1.04221219343451
LOC55831	0.8857938575	0.9785371225	0.143655590074312
MDS032	0.184107065	0.216706875	0.235199933166163
HCA112	0.00839366	0.2860995225	5.09107325407969
IL17RB	0.0512902775	0.064537135	0.33144415675136
KRT24	0.00044329	0.0016127575	1.86320680319372
IL1F9	0.0007776725	0.00048363	-0.685258984184346
LXN	0.0696193275	0.0145310575	-2.26034817901493
MEPE	0.00044329	0.027261925	5.94249280839308
LZTFL1	0.311824225	0.4167119075	0.41831731301215
HB-1	0.00044329	0.00048363	0.125652921326409
LGR7	0.00086267	0.09336706	6.75796105905737
ITM2B	0.6199382225	1.8527041475	1.57943615863542
TINAGL1	0.07149933	0.105230295	0.557548477356531
LHX5	0.0020517525	0.0130717275	2.67152119744936
MFSD1	0.323165845	0.1604501925	-1.01014920899221
7-Mar	0.2852194825	0.28592938	0.00358633693397836
HTR5A	0.001524285	0.1806437575	6.88887091730459
MGC4504	0.008984365	0.009771915	0.121224774476421
MAPKAP1	0.2403678975	0.1839019325	-0.386307588657628
LENG4	0.7029884275	0.60860171	-0.208002552617127
KLHL18	0.136814295	0.1437740075	0.0715839009046104
IQCG	0.050286465	0.08286016	0.720508466619201
HEY2	0.0319799575	0.092815	1.53718995921056
LHX6	0.0032190825	0.114754	5.15575108127594
C17orf40	0.3130452425	0.1251742375	-1.32243350879246
IARS	0.426675935	0.1451695425	-1.55540194479928
HOXB8	0.0126471925	0.0005015975	-4.65614319444065
LOC81691	0.0623066875	0.0155778575	-1.99989019283276
MEGF11	0.0006809075	0.034540155	5.66467192264678
KCNE1L	0.01327258	0.0873326325	2.71807199124962
BTBD15	0.2159135275	0.25088015	0.216544692652016
TAAR2	0.0030996925	0.00048363	-2.68014945822631
HYDIN	0.0094928475	0.2007803375	4.40263327543074
C16orf24	0.078970375	0.075913755	-0.0569502263954136
LRRC7	0.006596435	0.38335162	5.86083792627505
MGC2963	0.3491928	0.15193315	-1.20058712934642
MIA2	0.02462294	0.0005242775	-5.55352858870953
MAB21L1	0.02788943	0.71892993	4.68806081206426
KCTD5	0.2854893675	0.122296455	-1.22305443104191
HOXA5	0.02651277	0.0007736225	-5.09891384298357
KIAA1900	0.0154894475	0.64396248	5.37761904319765
HTRA4	0.0005768	0.00048363	-0.254167425556579
LOC132321	0.09980711	0.1550788725	0.635787652940414
HOXA7	0.0058410325	0.00048363	-3.59424776794441
HDHD1A	0.17540168	0.10355968	-0.760200153582534
KIF4A	0.3608957025	0.0034299725	-6.71724114412885
LIN28	1.11096114	0.0007580925	-10.5171468414023
MGC17337	0.336198005	0.179650865	-0.904115281861128
KCNE4	0.1538814325	0.0602663875	-1.35239367084564
LDHA	27.4158235375	3.6716664925	-2.900501885181
LYPLA2	0.6390554225	0.240725725	-1.40855073254047
SPDEF	0.054851875	0.0096786975	-2.5026561204855
SEMA3A	0.17267819	0.05227826	-1.72380284656834
WIF1	0.00076875	0.17607081	7.83942553029291
TRAF2	0.49148745	0.1985334575	-1.30777242271735
SLC16A2	0.0291442775	0.05436679	0.899513012017383
TRAF1	0.06835237	0.0193012125	-1.82429988136898
SLC17A2	0.0056405975	0.00046434	-3.6025945226662
TSPAN31	0.1944975375	0.2173766925	0.160445370820491
SIX1	0.042246945	0.0026996575	-3.96799872743135
TGOLN2	0.702581165	0.88818155	0.338189701938619
SLC2A1	1.7544318175	0.7283944925	-1.26821196232371
SLC22A7	0.004055	0.0013231975	-1.61567350059234
SLC38A3	0.1750009525	0.2513840425	0.522530298024957
SOX15	0.001018245	0.0628159425	5.94697412206583
STMN2	0.0332655625	7.7209454725	7.85860428507394
VIL1	0.037370115	0.00046434	-6.33055962768883
TU3A	0.04153213	7.3034091925	7.45819839022098
SLC6A14	0.0693394125	0.00046434	-7.22235023722606
SLCO2B1	0.010381955	0.07146238	2.78310582300463
TUSC2	0.0061174275	0.0118664625	0.955892915026214
SCRG1	0.01286346	2.51240429	7.60964607820354
TAGLN3	0.041386275	5.0234030675	6.92336882464579
ST8SIA5	0.0084718075	0.5291400075	5.96483588352564
SLC16A8	0.0004679975	0.0100210975	4.42039588631189
TMEM5	0.4449089775	0.21228198	-1.06752829966463
TTLL3	0.238186945	0.1521229375	-0.646856638565024
TTC15	0.35577726	0.4270355275	0.263381799111043
VPS24	0.447710405	1.16136048	1.37517809378542
TRIM17	0.01979173	0.196385675	3.31072006935525
TRPC4	0.00123354	0.04531188	5.19901294605244
VRK3	0.1323717475	0.1055505375	-0.326661310852869
SPTBN5	0.0028190475	0.018382995	2.7050921408333
UBN1	0.3286881875	0.2310502825	-0.508512755862961
SPOCK3	0.004868505	0.93114224	7.57937893489147
SURF2	0.13744099	0.0705981875	-0.961109283384681
TSC	0.406484085	0.3513775775	-0.210176736410637
SLC30A6	0.1961716125	0.1060968025	-0.886735110312351
TMEM19	0.085141375	0.086813625	0.0280610955349578
SEC5L1	0.22017626	0.19575535	-0.169607185048712
UEV3	0.1088937825	0.09302592	-0.22721692457801
TRIM36	0.017688245	0.079660615	2.17107570453012
XAB2	0.948566945	0.873431115	-0.119055668841768
SLC15A2	0.0154164625	0.11187019	2.85928198928386
SEZ6L	0.0126402575	0.5511849575	5.44643875702346
TNFAIP1	0.0851584775	0.101645525	0.25532463913107
TRIB2	1.327994115	0.4750475025	-1.48310506496267
UCP1	0.00046296	0.00046434	0.00429401623250492
TEX27	0.743062655	0.5332429525	-0.478690870256842
SRR	0.03425069	0.05285416	0.625883974189992
SLC13A1	0.00046296	0.00046434	0.00429401623250492
TPK1	0.0270265175	0.1040860775	1.94532957680448
SLC30A5	1.14789657	0.644275785	-0.833242377933071
SLC25A23	0.4301921	1.55972634	1.85823998825839
SHCBP1	0.097472465	0.00395534	-4.62312111061108
TREML2	0.00086598	0.0004816225	-0.84643091379405
TMC7	0.101356735	0.3133763125	1.62845417657838
WDR19	0.0619334375	0.11375284	0.877112137187038
SPTBN4	0.0027591425	0.3415842125	6.95187751837816
WNT4	0.007713055	0.012910515	0.743172247283995
STMN4	0.00789965	1.6646299775	7.71919707292814
TCF7L1	0.2855532675	0.060254155	-2.24462725790735
TFE3	0.3250702175	0.4575979375	0.493329165283533
TBR1	0.005290575	1.1177427775	7.72294797983836
TRPS1	0.2971748	0.3164706625	0.0907599823919849
TCF8	0.15853667	0.2955617325	0.898642911781885
TNFAIP3	0.8567054475	0.0619565325	-3.78947095344467
STAT1	0.431983575	0.3925981175	-0.137923203751001
9-Sep	8.920468595	3.401201395	-1.391075062624
SLC4A1AP	0.3366018475	0.469314735	0.479512661961982
SPATA20	0.126485705	0.139379185	0.140040778585323
WNT2B	0.0063413625	0.026428345	2.05922132806286
TOE1	0.0563091175	0.015665895	-1.84574134663374
SYNC1	0.0619309425	0.01525418	-2.02145577313276
ST3GAL4	0.083905385	0.0120773525	-2.79645917165818
TLE4	0.12900838	0.460509865	1.83576728006435
SUGT1	1.1631210275	1.6511762325	0.505492886519373
USP28	0.3038368975	0.1907039575	-0.671962296358785
TMSB10	38.8011453925	18.17319627	-1.09428706018422
TEX13B	0.000651585	0.00046434	-0.488771826816038
TBN	0.152172515	0.06606696	-1.20370693928485
SHC3	0.02942976	0.51155614	4.1195448929256
CD300LG	0.00046296	0.00046434	0.00429401623250492
STAG3	0.057753375	0.00714974	-3.01394257299969
THUMPD1	0.2456435625	0.195455415	-0.329726876984294
TAIP-2	0.003329235	0.4310869675	7.01664442852031
TFG	0.7943257775	0.40779141	-0.961899436719811
ST18	0.00313525	0.7089735025	7.82100741241093
SMAP	0.88230871	0.803140235	-0.135631610700005
SEMA4G	0.1410056725	0.116741175	-0.272439707661968
TXNDC10	0.15745317	0.17326625	0.138067860231326
TMSL8	0.197998775	0.0045269825	-5.45079796473085
STARD8	0.108831035	0.05711494	-0.930149946962228
RB1	0.37546639	0.19507654	-0.944643481020002
BIRC5	1.6412438025	0.00380612	-8.75225280016632
CHAD	0.0035040425	0.375389335	6.74322357955876
CHGA	0.0108050725	2.9285006975	8.08230967539652
ABCD1	0.084479225	0.0118899075	-2.8288591083026
CD3E	0.6052782975	0.0026535375	-7.83353787615859
VWF	0.014461435	0.70797527	5.61341634467075
ZNF262	0.7326805375	0.952162755	0.378023903959454
ZNF258	0.0080752325	0.0048894325	-0.72383677197708
WRN	0.138306055	0.037544915	-1.88117488798518
ZNF146	0.3563656425	0.2378324325	-0.583412787645942
AFP	5.7411715	0.0004450275	-13.6551630432836
IL1B	0.0258687325	0.068045295	1.39528604237434
VCAM1	0.03816601	0.0231404625	-0.721870671006064
FLT3	0.0008277125	0.09320035	6.81506181753193
CGA	0.8380731175	0.0007206425	-10.1835766642499
CHEK1	0.0761239725	0.0020601125	-5.20755582173077
MAPK14	0.9458998675	0.819762445	-0.206481569986308
TGFA	0.04277893	0.089603675	1.06665750629432
MAP3K14	0.095400295	0.10379803	0.121713430307102
MAP3K8	0.009034365	0.00959543	0.0869242576679232
WNT1	0.0009715975	0.0010123425	0.0592667883934332
RARRES3	0.23115954	0.354553275	0.617113518284706
XK	0.0493562975	0.0780443	0.661059094493436
ZP2	0.00037563	0.0618198225	7.36261341201919
FPGT	0.0685736275	0.17014966	1.31107852149545
ABCD2	0.00801394	0.322184095	5.32922975680741
TROAP	0.5409680575	0.000836495	-9.33697077768752
ABCA1	0.084815225	0.0520457425	-0.704543111632492
DMXL1	0.13035988	0.2937505	1.17209137817903
MLANA	0.6814611325	0.00044358	-10.5852213399849
HMGCS2	0.00436368	0.00049813	-3.13095110356395
COG2	0.3781586675	0.4463540475	0.239196821962547
COMMD3	0.336262585	0.36002947	0.0985267391994706
GTF3C5	0.897982225	0.6735510475	-0.414899598309459
ZNF225	0.0087820075	0.0122920775	0.485106096416273
SEC24D	0.569626645	0.1838150025	-1.63176211132043
CRELD1	0.0754328825	0.2073679025	1.458927141992
ZBTB20	0.111460915	0.7007828325	2.65242953091543
GTF2A1	0.24075076	0.4590958775	0.931255124912052
ZNF331	0.134509845	0.3586061675	1.4146885307542
ZNF167	0.0042919475	0.013782985	1.68318403436056
MOSPD1	0.173750945	0.0716771	-1.27743665105119
ZNF350	0.05831513	0.1373910175	1.23634553736236
APOBEC3G	0.0568062025	0.0102062875	-2.47659027534834
NR0B2	0.1690966575	0.0016974075	-6.63837137520421
ZNF557	0.1208543075	0.1849976125	0.614237757371941
SE57-1	0.015312145	0.0176463375	0.204692386236402
COASY	0.557797055	0.289677725	-0.945291565706103
RARA	0.56640735	0.285143955	-0.990149538553579
ZNF140	0.0180123275	0.0240551925	0.417363730431761
ZNF192	0.08763542	0.0793831125	-0.142681958721576
ABCA2	0.5069174775	3.5872927	2.82307265359472
P2RXL1	0.051518455	0.0987228825	0.938295190001249
FOXA1	0.822452145	0.0004586075	-10.8084560729147
ZFP36L2	2.7611138475	0.87697756	-1.65463854226775
ZNF358	0.2846230275	0.7958707575	1.4834817804391
FMO5	0.2077161075	0.0314241775	-2.72466620639181
ZNF101	0.182545865	0.0669433125	-1.44724714386687
ZIM3	0.00037563	0.00044358	0.239882029547861
MMP21	0.0006680075	0.0040525	2.60087598009842
ZSCAN4	0.00196917	0.001107605	-0.830144194106692
ZNF434	0.0435037575	0.0439717325	0.0154363617237028
ZNF548	0.1178413375	0.150043825	0.348538236380982
WNT2	0.00037563	0.01430224	5.2507850180509
VAMP3	0.8235985425	1.051602715	0.352576589798415
ZMYM1	0.2219601625	0.070479135	-1.65503264123102
SELE	0.0007537025	0.0049263725	2.70845863594943
LDLR	0.442036755	0.1304149575	-1.76105698947496
IL8	0.5830197575	0.0157057475	-5.2141802611923
PTGS2	0.028375925	0.00895891	-1.66327230193288
TYMS	1.036004335	0.0377164125	-4.77969377290225
DAD1	0.7905797575	0.417329135	-0.921725372971777
FABP1	1.475777785	0.0031540175	-8.87006912392869
DPP4	0.0731423325	0.022754305	-1.68456711300381
MX2	0.0963111275	0.006898155	-3.80342004106394
TNFRSF11B	0.93243901	0.06711539	-3.79629383413673
DNCL1	1.2286142	2.28123639	0.89278398889528
MAP2K6	0.0352234175	0.064833605	0.880206903277895
AES	3.5941242925	13.1725199475	1.87381915812354
